#JOSM PicLayer plugin calibration data
#Tue Sep 11 20:40:47 BRT 2012
POSITION_Y=-2570829.655406356
POSITION_X=-4960804.370608401
M12=252.84054616497284
M11=0.23056568030005029
M10=7.958507500679866E-4
M02=154.91244859742542
INITIAL_SCALE=1847.0254200568056
M01=-9.583349026298815E-4
M00=0.2290988111669446
