#JOSM PicLayer plugin calibration data
#Thu Sep 13 23:12:15 BRT 2012
POSITION_Y=-2307949.6161530004
POSITION_X=-5065610.399644176
M12=15.914383933267848
M11=0.080248543150866
M10=-1.5243974088586626E-4
M02=94.77513733892343
INITIAL_SCALE=5305.698005901845
M01=3.6881189163114937E-4
M00=0.07806864621169549
