#JOSM PicLayer plugin calibration data
#Sat Sep 15 13:37:21 BRT 2012
POSITION_Y=-2301993.3946587653
POSITION_X=-5075171.703684797
M12=-2334.027380305563
M11=0.6404760831271468
M10=-0.0010329793054778555
M02=2079.6802949883822
INITIAL_SCALE=665.0188229395575
M01=0.0017277570571682696
M00=0.6358585768564313
