#JOSM PicLayer plugin calibration data
#Sun Sep 09 11:09:15 BRT 2012
POSITION_Y=-2613347.9841813017
POSITION_X=-4805453.265175084
M12=-5237.212538983751
M11=0.15736520018266192
M10=-8.440606162634988E-4
M02=-5329.72511593129
INITIAL_SCALE=5313.382856834918
M01=0.001142300359114021
M00=0.15629691034548196
