#JOSM PicLayer plugin calibration data
#Sun Sep 16 22:12:48 BRT 2012
POSITION_Y=-2230511.9172724476
POSITION_X=-4885760.624619486
M12=-428.46996072850465
M11=0.45215792831967033
M10=0.003229895877230922
M02=1285.1511312116295
INITIAL_SCALE=941.8209354022123
M01=-0.003184411862500332
M00=0.44398117371168316
