#JOSM PicLayer plugin calibration data
#Sun Sep 09 03:06:40 BRT 2012
POSITION_Y=-2238834.2465824177
POSITION_X=-5117850.696160315
M12=300.16771415666364
M11=0.4579212450686697
M10=-9.95970373323123E-4
M02=-2049.997862436244
INITIAL_SCALE=1881.8624547142845
M01=0.002878842713594241
M00=0.45059690746857384
